201379 (1) 6 : 201470 201527 201635 201541 201602 201660 
201478 (1) 4 : 201611 201627 201552 201647 
201494 (1) 2 : 201657 201553 
201339 (1) 2 : 201397 201565 
201318 (1) 2 : 201378 201648 
201225 (1) 2 : 201412 201288 
201397 (1) 1 : 201172 
201380 (1) 2 : 201539 201394 
201490 (1) 1 : 201620 
201472 (1) 1 : 201148 
201398 (1) 5 : 201465 201490 201551 201402 201423 
201360 (1) 1 : 201494 
201224 (1) 1 : 201529 
201484 (1) 1 : 201630 
201324 (1) 2 : 201646 201472 
201139 (0) 1 : 201541 
201143 (0) 5 : 201444 201528 201657 201373 201394 
201151 (0) 3 : 201252 201551 201148 
201218 (0) 3 : 201527 201602 201525 
201220 (0) 6 : 201397 201665 201553 201315 201325 201387 
201229 (0) 1 : 201552 
201230 (0) 1 : 201310 
201315 (0) 8 : 201379 201103 201378 201507 201372 201430 201590 201660 
201325 (0) 3 : 201610 201635 201603 
201373 (0) 2 : 201617 201529 
201401 (0) 2 : 201539 201402 
201402 (0) 3 : 201411 201457 201563 
201411 (0) 1 : 201611 
201421 (0) 2 : 201490 201423 
201423 (0) 1 : 201406 
201467 (0) 3 : 201493 201630 201661 
201321 (1) 7 : 201662 201605 201640 201561 201598 201643 201655 
201458 (1) 3 : 201382 201234 201512 
201544 (1) 2 : 201597 201634 
201319 (1) 1 : 201320 
201288 (1) 2 : 201507 201651 
201356 (1) 5 : 201103 201484 201437 201460 201391 
201320 (1) 1 : 201481 
201365 (1) 1 : 201633 
201425 (1) 3 : 201577 201544 201663 
201460 (1) 1 : 201563 
201244 (0) 1 : 201550 
201280 (0) 4 : 201305 201593 201356 201336 
201310 (0) 10 : 201458 201447 201368 201365 201244 201280 201332 201404 201462 201588 
201330 (0) 2 : 201521 201598 
201336 (0) 3 : 201544 201391 201524 
201390 (0) 1 : 201469 
201404 (0) 3 : 201495 201597 201624 
201426 (0) 3 : 201382 201512 201608 
201501 (0) 4 : 201412 201650 201234 201643 
201521 (0) 1 : 201649 
201525 (0) 1 : 201569 
201561 (0) 1 : 201640 
201598 (0) 1 : 201663 
Total: 54 
