201379 207 0 1 
201646 208 2 1 
201478 194 1 1 
201494 195 1 1 
201339 177 1 1 
201318 181 0 1 
201225 163 1 1 
201406 210 0 1 
201465 188 2 1 
201470 210 0 1 
201610 210 1 1 
201397 187 1 1 
201284 170 1 1 
201380 194 0 1 
201444 185 2 1 
201252 202 0 1 
201490 201 0 1 
201617 208 1 1 
201472 193 1 1 
201398 185 1 1 
201611 204 2 1 
201527 209 0 1 
201528 195 2 1 
201103 193 0 1 
201627 209 1 1 
201493 210 0 1 
201345 173 2 1 
201172 201 0 1 
201378 190 0 1 
201495 203 0 1 
201551 205 1 1 
201539 208 0 1 
201665 211 2 1 
201443 191 1 1 
201360 191 0 1 
201507 193 2 1 
201657 210 2 1 
201553 206 0 1 
201148 208 0 1 
201372 180 1 1 
201224 175 0 1 
201635 209 2 1 
201484 193 1 1 
201552 201 1 1 
201324 193 0 1 
200524 135 0 1 
201139 210 0 0 
201143 164 0 0 
201151 171 0 0 
201218 165 1 0 
201220 163 1 0 
201228 191 0 0 
201229 194 0 0 
201230 172 0 0 
201305 194 0 0 
201314 185 0 0 
201315 179 0 0 
201325 201 0 0 
201349 196 0 0 
201373 187 0 0 
201386 195 0 0 
201387 178 2 0 
201394 198 0 0 
201401 183 1 0 
201402 198 0 0 
201411 198 0 0 
201421 187 1 0 
201423 202 0 0 
201430 183 2 0 
201437 192 0 0 
201457 201 0 0 
201467 207 0 0 
201497 208 0 0 
201529 195 2 0 
201541 210 0 0 
201563 206 1 0 
201565 201 2 0 
201590 207 1 0 
201602 208 1 0 
201603 204 2 0 
201620 206 2 0 
201630 208 2 0 
201647 209 2 0 
201648 208 2 0 
201660 210 2 0 
201661 210 2 0 
201321 204 0 1 
201577 202 2 1 
201662 210 2 1 
201412 205 0 1 
201597 210 0 1 
201458 197 0 1 
201667 211 2 1 
201605 210 1 1 
201544 201 1 1 
201604 203 2 1 
201650 209 2 1 
201319 177 0 1 
201593 206 1 1 
201288 178 0 1 
201447 194 0 1 
201663 210 2 1 
201356 192 0 1 
201320 178 0 1 
201368 203 0 1 
201649 210 2 1 
201624 206 2 1 
201365 207 0 1 
201640 209 2 1 
201375 194 0 1 
201651 208 2 1 
201425 189 1 1 
201382 209 0 1 
201460 200 0 1 
201208 157 2 0 
201234 209 0 0 
201244 205 0 0 
201268 171 0 0 
201280 190 0 0 
201310 175 0 0 
201330 189 0 0 
201331 192 0 0 
201332 186 0 0 
201336 194 0 0 
201390 190 0 0 
201391 201 0 0 
201404 199 0 0 
201426 188 1 0 
201440 200 0 0 
201462 195 0 0 
201469 209 0 0 
201481 194 1 0 
201501 202 0 0 
201511 193 2 0 
201512 209 0 0 
201521 202 0 0 
201524 210 0 0 
201525 198 1 0 
201550 209 0 0 
201561 206 0 0 
201569 201 2 0 
201580 209 0 0 
201588 202 2 0 
201598 210 0 0 
201608 210 1 0 
201615 204 2 0 
201633 208 2 0 
201634 208 2 0 
201643 208 2 0 
201652 208 2 0 
201655 210 2 0 
