201379 207 0 1 
201379 201315 2.8820274528957697 not ok

201646 208 2 1 
201646 201529 2988972.6916979775 not ok
201646 201324 2988972.6916979775 not ok

201478 194 1 1 

201494 195 1 1 
201494 201360 98518.57351543062 not ok

201339 177 1 1 

201318 181 0 1 

201225 163 1 1 

201406 210 0 1 
201406 201423 5201.221765470647 not ok

201465 188 2 1 
201465 201398 85.90331348341716 not ok

201470 210 0 1 
201470 201379 99270.37601935538 not ok
201470 201387 99270.37601935538 not ok

201610 210 1 1 
201610 201325 4234958.2579279905 not ok
201610 201345 4234958.2579279905 not ok

201397 187 1 1 
201397 201339 50372.2629107325 not ok
201397 201220 50372.2629107325 not ok

201284 170 1 1 

201380 194 0 1 

201444 185 2 1 
201444 201143 1013.627900976996 not ok

201252 202 0 1 
201252 201151 18739.6294928015 not ok

201490 201 0 1 
201490 201421 3530.4394817892776 not ok
201490 201398 3530.4394817892776 not ok

201617 208 1 1 
201617 201373 132718.84623787465 not ok

201472 193 1 1 
201472 201324 106249.51658742558 not ok

201398 185 1 1 

201611 204 2 1 
201611 201411 482696.6986799772 not ok
201611 201478 482696.6986799772 not ok

201527 209 0 1 
201527 201379 262645.86179245467 not ok
201527 201218 262645.86179245467 not ok

201528 195 2 1 
201528 201143 7346.0455181761845 not ok
201528 201465 7346.0455181761845 not ok

201103 193 0 1 
201103 201356 68784.7544148982 not ok
201103 201315 68784.7544148982 not ok

201627 209 1 1 
201627 201478 287.5145995525408 not ok

201493 210 0 1 
201493 201467 4440.186466645275 not ok

201345 173 2 1 

201172 201 0 1 
201172 201397 1610.6272145611424 not ok

201378 190 0 1 
201378 201318 302490.0476990178 not ok
201378 201315 302490.0476990178 not ok

201495 203 0 1 
201495 201404 992165.722459939 not ok
201495 201345 992165.722459939 not ok

201551 205 1 1 
201551 201151 18231.804565220966 not ok
201551 201398 18231.804565220966 not ok

201539 208 0 1 
201539 201401 1.8109492690593876E7 not ok
201539 201380 1.8109492690593876E7 not ok

201665 211 2 1 
201665 201220 2610.991531508147 not ok

201443 191 1 1 

201360 191 0 1 

201507 193 2 1 
201507 201288 117784.17540968506 not ok
201507 201315 117784.17540968506 not ok

201657 210 2 1 
201657 201143 1.098848378358637E7 not ok
201657 201494 1.098848378358637E7 not ok

201553 206 0 1 
201553 201494 18959.25551125961 not ok
201553 201220 18959.25551125961 not ok

201148 208 0 1 
201148 201472 56914.583494494684 not ok
201148 201151 56914.583494494684 not ok

201372 180 1 1 
201372 201315 2068.771699014999 not ok

201224 175 0 1 

201635 209 2 1 
201635 201325 186298.74602030337 not ok
201635 201379 186298.74602030337 not ok

201484 193 1 1 
201484 201356 386015.9869839616 not ok
201484 201430 386015.9869839616 not ok

201552 201 1 1 
201552 201229 6562855.858835888 not ok
201552 201478 6562855.858835888 not ok

201324 193 0 1 
201324 201387 72.42774511727251 not ok

200524 135 0 1 

201139 210 0 0 
201139 201345 755.3057847976324 not ok

201143 164 0 0 

201151 171 0 0 

201218 165 1 0 

201220 163 1 0 

201228 191 0 0 
201228 201345 8391.139831192128 not ok

201229 194 0 0 

201230 172 0 0 

201305 194 0 0 
201305 201280 1996.958832075983 not ok

201314 185 0 0 

201315 179 0 0 
201315 201220 315.34641609742187 not ok

201325 201 0 0 
201325 201220 3175.042302020438 not ok

201349 196 0 0 
201349 201387 1654.6859900634656 not ok

201373 187 0 0 
201373 201143 721.9364186814579 not ok

201386 195 0 0 
201386 201387 32748.000785498964 not ok

201387 178 2 0 
201387 201220 1160.789985253912 not ok

201394 198 0 0 
201394 201143 21801.97840379339 not ok
201394 201380 21801.97840379339 not ok

201401 183 1 0 
201401 201345 1437.479175004582 not ok

201402 198 0 0 
201402 201401 1.773117341337257E7 not ok
201402 201398 1.773117341337257E7 not ok

201411 198 0 0 
201411 201402 13254.358784312632 not ok
201411 201444 13254.358784312632 not ok

201421 187 1 0 

201423 202 0 0 
201423 201421 52541.07051730876 not ok
201423 201398 52541.07051730876 not ok

201430 183 2 0 
201430 201315 131.43525296202813 not ok

201437 192 0 0 
201437 201356 125.96695992645205 not ok

201457 201 0 0 
201457 201402 109142.59818812244 not ok

201467 207 0 0 

201497 208 0 0 
201497 201430 9620.471693517415 not ok
201497 201345 9620.471693517415 not ok

201529 195 2 0 
201529 201373 643570.6519254731 not ok
201529 201224 643570.6519254731 not ok

201541 210 0 0 
201541 201139 1.9096782773063327E11 not ok
201541 201379 1.9096782773063327E11 not ok

201563 206 1 0 
201563 201402 25545.751696785825 not ok
201563 201460 25545.751696785825 not ok

201565 201 2 0 
201565 201339 3957.4135819472976 not ok

201590 207 1 0 
201590 201315 211.2882483015058 not ok

201602 208 1 0 
201602 201379 1.8209802745773982E7 not ok
201602 201218 1.8209802745773982E7 not ok

201603 204 2 0 
201603 201528 9720231.150171816 not ok
201603 201325 9720231.150171816 not ok

201620 206 2 0 
201620 201490 3686.65164168885 not ok

201630 208 2 0 
201630 201484 2.601527806937058E7 not ok
201630 201467 2.601527806937058E7 not ok

201647 209 2 0 
201647 201478 29114.83455444899 not ok
201647 201387 29114.83455444899 not ok

201648 208 2 0 
201648 201318 3076.452806681325 not ok

201660 210 2 0 
201660 201379 2.971122294329462E7 not ok
201660 201315 2.971122294329462E7 not ok

201661 210 2 0 
201661 201467 20162.467083646672 not ok

201321 204 0 1 

201577 202 2 1 
201577 201425 1187.9755246215925 not ok

201662 210 2 1 
201662 201321 1073786.8903255144 not ok

201412 205 0 1 
201412 201225 718327.643681766 not ok
201412 201501 718327.643681766 not ok

201597 210 0 1 
201597 201404 1365392.6296729983 not ok
201597 201544 1365392.6296729983 not ok

201458 197 0 1 
201458 201310 901.7355954841108 not ok


201605 210 1 1 
201605 201321 3158045.8249572623 not ok
201605 201208 3158045.8249572623 not ok

201544 201 1 1 
201544 201425 14378.96614511222 not ok
201544 201336 14378.96614511222 not ok

201604 203 2 1 

201650 209 2 1 
201650 201501 1969.8244369775339 not ok

201319 177 0 1 

201593 206 1 1 
201593 201280 6619.305977975686 not ok

201288 178 0 1 
201288 201225 13.501886243122366 not ok

201447 194 0 1 
201447 201310 2681.476902360645 not ok

201663 210 2 1 
201663 201598 17151.643547400985 not ok
201663 201425 17151.643547400985 not ok

201356 192 0 1 
201356 201280 173.53295684133053 not ok

201320 178 0 1 
201320 201319 7659.647925671948 not ok

201368 203 0 1 
201368 201310 2193.9021320663187 not ok

201649 210 2 1 
201649 201521 1372904.5619801034 not ok

201624 206 2 1 
201624 201404 3759.6131929894905 not ok

201365 207 0 1 
201365 201310 2430.654160706571 not ok

201640 209 2 1 
201640 201561 1.3014666318897545E11 not ok
201640 201321 1.3014666318897545E11 not ok

201375 194 0 1 
201375 201208 120077.88320970535 not ok

201651 208 2 1 
201651 201288 82.33370909190806 not ok

201425 189 1 1 

201382 209 0 1 
201382 201458 1185400.771041639 not ok
201382 201426 1185400.771041639 not ok

201460 200 0 1 
201460 201356 128790.78357964948 not ok

201208 157 2 0 

201234 209 0 0 
201234 201458 5704502.584563953 not ok
201234 201501 5704502.584563953 not ok

201244 205 0 0 
201244 201310 1342.1518925582184 not ok

201268 171 0 0 

201280 190 0 0 
201280 201310 6055.289933867313 not ok

201310 175 0 0 
201310 201230 147.08655946419736 not ok

201330 189 0 0 

201331 192 0 0 

201332 186 0 0 
201332 201310 901.7355954841108 not ok

201336 194 0 0 
201336 201280 18964.782820168773 not ok

201390 190 0 0 
201390 201208 3141.496474898433 not ok

201391 201 0 0 
201391 201356 3876.250090265533 not ok
201391 201336 3876.250090265533 not ok

201404 199 0 0 
201404 201310 6708.738487881773 not ok

201426 188 1 0 

201440 200 0 0 

201462 195 0 0 
201462 201310 2178.0535098532473 not ok

201469 209 0 0 
201469 201390 175.905873263016 not ok

201481 194 1 0 
201481 201320 288.5824155977367 not ok

201501 202 0 0 

201511 193 2 0 

201512 209 0 0 
201512 201458 37013.357820125006 not ok
201512 201426 37013.357820125006 not ok

201521 202 0 0 
201521 201330 32947.57293486933 not ok

201524 210 0 0 
201524 201336 25291.9967586543 not ok

201525 198 1 0 
201525 201218 8.594573338445894 not ok

201550 209 0 0 
201550 201244 170564.04622906772 not ok

201561 206 0 0 
201561 201321 146662.1158087398 not ok

201569 201 2 0 
201569 201525 8885.237288919961 not ok

201580 209 0 0 

201588 202 2 0 
201588 201310 1652.3695506438582 not ok

201598 210 0 0 
201598 201330 5.184463202601466E10 not ok
201598 201321 5.184463202601466E10 not ok

201608 210 1 0 
201608 201426 6247.197554371893 not ok

201615 204 2 0 

201633 208 2 0 
201633 201365 84758.34038040298 not ok

201634 208 2 0 
201634 201544 9210.213695786608 not ok

201643 208 2 0 
201643 201501 3.5472600300896045E11 not ok
201643 201321 3.5472600300896045E11 not ok

201652 208 2 0 

201655 210 2 0 
201655 201321 238004.31074225306 not ok

